0 0.91640625 0.546875 0.0296875 0.0546875
0 0.02265625 0.353125 0.0109375 0.0265625
0 0.23125 0.27890625 0.0140625 0.0265625
0 0.83125 0.42734375 0.02890625 0.06640625
0 0.753125 0.37109375 0.01875 0.04921875
0 0.03984375 0.35078125 0.0109375 0.02578125
0 0.74140625 0.37265625 0.02109375 0.04765625
0 0.49140625 0.60703125 0.03515625 0.06328125
0 0.70546875 0.41640625 0.0375 0.07578125
0 0.4390625 0.60625 0.02734375 0.07109375
0 0.19296875 0.4609375 0.02421875 0.09375
0 0.26796875 0.45859375 0.0234375 0.0984375
0 0.46015625 0.58515625 0.028125 0.078125
0 0.4203125 0.4765625 0.02734375 0.0859375
0 0.5671875 0.43359375 0.03125 0.1015625
0 0.54609375 0.440625 0.02890625 0.09921875