0 0.8296875 0.428125 0.02890625 0.06640625
0 0.709375 0.41796875 0.03984375 0.07421875
0 0.9171875 0.5484375 0.03125 0.0546875
0 0.75390625 0.371875 0.01640625 0.04765625
0 0.73125 0.5328125 0.04375 0.0828125
0 0.57109375 0.9484375 0.07421875 0.08828125
0 0.02265625 0.35234375 0.01015625 0.028125
0 0.73984375 0.37578125 0.0203125 0.04453125
0 0.32265625 0.56875 0.040625 0.12109375
0 0.1734375 0.47578125 0.0328125 0.07734375
0 0.4265625 0.58515625 0.04453125 0.12890625
0 0.2359375 0.471875 0.0296875 0.0734375
0 0.7890625 0.4796875 0.02890625 0.059375
0 0.13671875 0.5578125 0.03125 0.09765625