0 0.38359375 0.62421875 0.03984375 0.14140625
0 0.57109375 0.9484375 0.07578125 0.08984375
0 0.17734375 0.47578125 0.04296875 0.078125
0 0.47421875 0.49296875 0.0375 0.10546875
0 0.77734375 0.45390625 0.0203125 0.084375
0 0.753125 0.5421875 0.034375 0.0828125
0 0.64375 0.46171875 0.0265625 0.09765625
0 0.23671875 0.4578125 0.02265625 0.09375
0 0.5109375 0.44609375 0.02578125 0.1015625
0 0.58984375 0.43515625 0.02578125 0.0828125
0 0.571875 0.4234375 0.01640625 0.0859375
0 0.40546875 0.3921875 0.01640625 0.0703125