0 0.471875 0.4625 0.034375 0.10078125
0 0.21328125 0.45546875 0.02421875 0.09921875
0 0.921875 0.6078125 0.03671875 0.10703125
0 0.46171875 0.80078125 0.04375 0.11796875
0 0.34140625 0.38359375 0.0203125 0.075
0 0.5625 0.38671875 0.0234375 0.0859375
0 0.97265625 0.61171875 0.04375 0.09453125
0 0.215625 0.796875 0.0890625 0.1453125
0 0.5921875 0.525 0.03515625 0.084375
0 0.546875 0.5890625 0.04375 0.09375
0 0.8921875 0.51953125 0.0234375 0.075
0 0.915625 0.5515625 0.02890625 0.07421875
0 0.2546875 0.54453125 0.04453125 0.08984375