0 0.571875 0.95234375 0.07265625 0.090625
0 0.70703125 0.421875 0.03828125 0.07265625
0 0.7328125 0.53671875 0.046875 0.0828125
0 0.753125 0.3734375 0.0171875 0.04921875
0 0.915625 0.546875 0.02890625 0.05546875
0 0.5875 0.5484375 0.03203125 0.115625
0 0.05390625 0.5828125 0.02890625 0.07734375
0 0.23515625 0.7078125 0.0453125 0.1546875
0 0.5203125 0.56171875 0.0296875 0.11875
0 0.83125 0.434375 0.0265625 0.06875
0 0.9640625 0.58046875 0.03359375 0.1140625
0 0.040625 0.35078125 0.0109375 0.02734375
0 0.2546875 0.46640625 0.0234375 0.10078125
0 0.2015625 0.459375 0.028125 0.09375