0 0.29140625 0.59609375 0.03671875 0.13046875
0 0.27734375 0.815625 0.05390625 0.1921875
0 0.2375 0.7875 0.05234375 0.165625
0 0.21015625 0.48046875 0.02578125 0.0515625
0 0.75078125 0.465625 0.034375 0.09921875
0 0.88203125 0.5625 0.0421875 0.1078125
0 0.94375 0.57734375 0.0328125 0.07734375
0 0.4265625 0.95234375 0.06875 0.0921875
0 0.16953125 0.42421875 0.028125 0.06171875
0 0.82734375 0.47109375 0.034375 0.07578125
0 0.24921875 0.3734375 0.021875 0.0484375
0 0.246875 0.5421875 0.03203125 0.07578125
0 0.1421875 0.48359375 0.01875 0.06171875
0 0.28984375 0.42109375 0.03203125 0.07578125