0 0.571875 0.94765625 0.0734375 0.090625
0 0.75390625 0.3734375 0.015625 0.04921875
0 0.1796875 0.5640625 0.034375 0.11171875
0 0.73359375 0.5390625 0.0484375 0.0796875
0 0.83359375 0.4265625 0.0265625 0.06484375
0 0.70625 0.4203125 0.03671875 0.0734375
0 0.040625 0.35078125 0.0109375 0.02734375
0 0.25390625 0.465625 0.025 0.096875
0 0.9171875 0.54765625 0.0296875 0.0546875
0 0.8625 0.46796875 0.0265625 0.09296875
0 0.02265625 0.35234375 0.01015625 0.02734375
0 0.0546875 0.5828125 0.02890625 0.07890625
0 0.23046875 0.27890625 0.0140625 0.025
0 0.228125 0.4671875 0.025 0.09765625
0 0.790625 0.47890625 0.028125 0.05390625
0 0.51875 0.40703125 0.021875 0.08515625