0 0.36171875 0.41875 0.02734375 0.09296875
0 0.828125 0.478125 0.0296875 0.0796875
0 0.9609375 0.35234375 0.01171875 0.02578125
0 0.24609375 0.371875 0.0171875 0.046875
0 0.08359375 0.5484375 0.02890625 0.05859375
0 0.17109375 0.4296875 0.03046875 0.0671875
0 0.5125 0.665625 0.06015625 0.09609375
0 0.74609375 0.4796875 0.02734375 0.06015625
0 0.9765625 0.35390625 0.01015625 0.02421875
0 0.540625 0.58671875 0.0296875 0.0921875
0 0.56171875 0.60234375 0.028125 0.075
0 0.42109375 0.3921875 0.01875 0.07578125
0 0.5078125 0.60078125 0.0390625 0.07265625
0 0.39453125 0.39609375 0.01796875 0.078125
0 0.2140625 0.48203125 0.0390625 0.0578125
0 0.2953125 0.41796875 0.0390625 0.0828125
0 0.121875 0.27734375 0.009375 0.03671875
0 0.26875 0.59921875 0.04453125 0.1265625
0 0.25859375 0.35625 0.01171875 0.0234375