0 0.571875 0.9484375 0.07421875 0.09375
0 0.753125 0.37265625 0.015625 0.0484375
0 0.75234375 0.54296875 0.03515625 0.0859375
0 0.45078125 0.62421875 0.04140625 0.1390625
0 0.25703125 0.4578125 0.02734375 0.090625
0 0.1765625 0.4765625 0.0421875 0.07890625
0 0.915625 0.546875 0.0296875 0.0546875
0 0.7015625 0.42109375 0.02421875 0.0625
0 0.4546875 0.496875 0.028125 0.109375
0 0.03828125 0.353125 0.01328125 0.021875
0 0.6453125 0.4078125 0.0203125 0.0890625
0 0.4234375 0.46875 0.02578125 0.11484375
0 0.80625 0.46015625 0.03046875 0.08515625
0 0.5890625 0.434375 0.02421875 0.08515625
0 0.77578125 0.453125 0.0203125 0.08125
0 0.571875 0.42109375 0.015625 0.08359375
0 0.0234375 0.35390625 0.01171875 0.0265625