0 0.28984375 0.60625 0.05078125 0.15078125
0 0.07890625 0.5671875 0.02890625 0.09375
0 0.1421875 0.5640625 0.03671875 0.103125
0 0.196875 0.4609375 0.0296875 0.0921875
0 0.57109375 0.95078125 0.075 0.090625
0 0.17421875 0.4765625 0.0359375 0.078125
0 0.7515625 0.5421875 0.0359375 0.0796875
0 0.7515625 0.37265625 0.01953125 0.05078125
0 0.83046875 0.4265625 0.028125 0.0578125
0 0.615625 0.34609375 0.01875 0.06484375
0 0.80390625 0.85234375 0.078125 0.15546875
0 0.634375 0.371875 0.02578125 0.0796875
0 0.5953125 0.36875 0.02109375 0.08984375