0 0.38125 0.678125 0.02578125 0.096875
0 0.88671875 0.4609375 0.03203125 0.090625
0 0.78046875 0.79609375 0.07734375 0.1375
0 0.44765625 0.43984375 0.03046875 0.06953125
0 0.38046875 0.49375 0.03046875 0.0765625
0 0.47109375 0.37578125 0.0203125 0.07734375
0 0.49453125 0.67109375 0.0484375 0.1140625
0 0.084375 0.55078125 0.03515625 0.0921875
0 0.03359375 0.6109375 0.04375 0.121875
0 0.74609375 0.54296875 0.04296875 0.08828125
0 0.35390625 0.44453125 0.028125 0.06484375
0 0.3921875 0.39609375 0.034375 0.06796875
0 0.70703125 0.4140625 0.03203125 0.06796875