0 0.428125 0.7077205875 0.42604166718750003 0.5643382359375 0.40625 0.5588235296875 0.40625 0.5661764703125 0.4010416671875 0.6985294125 0.428125 0.7077205875
0 0.440625 0.549632353125 0.43958333281249995 0.6470588234375 0.4791666671875 0.643382353125 0.4739583328125 0.5404411765625 0.440625 0.549632353125
0 0.521875 0.625 0.4875 0.6084558828125 0.47083333281249995 0.71323529375 0.515625 0.7169117640625 0.521875 0.625
0 0.365625 0.46139705937500003 0.375 0.5422794125 0.39895833281250004 0.5275735296875 0.39375 0.44485294062499997 0.365625 0.46139705937500003
0 0.54140625 0.8078125 0.046875 0.16328125
0 0.58359375 0.9421875 0.08828125 0.075
0 0.50234375 0.7984375 0.025 0.10859375
0 0.77421875 0.453125 0.01875 0.08671875
0 0.7984375 0.45625 0.015625 0.08828125
0 0.29453125 0.471875 0.028125 0.09765625
0 0.33359375 0.45703125 0.03125 0.09765625