0 0.428125 0.9484375 0.07421875 0.09375
0 0.246875 0.37265625 0.015625 0.0484375
0 0.24765625 0.54296875 0.03515625 0.0859375
0 0.54921875 0.62421875 0.04140625 0.1390625
0 0.74296875 0.4578125 0.02734375 0.090625
0 0.8234375 0.4765625 0.0421875 0.07890625
0 0.084375 0.546875 0.0296875 0.0546875
0 0.2984375 0.42109375 0.02421875 0.0625
0 0.5453125 0.496875 0.028125 0.109375
0 0.96171875 0.353125 0.01328125 0.021875
0 0.3546875 0.4078125 0.0203125 0.0890625
0 0.5765625 0.46875 0.02578125 0.11484375
0 0.19375 0.46015625 0.03046875 0.08515625
0 0.4109375 0.434375 0.02421875 0.08515625
0 0.22421875 0.453125 0.0203125 0.08125
0 0.428125 0.42109375 0.015625 0.08359375
0 0.9765625 0.35390625 0.01171875 0.0265625