0 0.4953125 0.6703125 0.05 0.11328125
0 0.11015625 0.6078125 0.046875 0.12421875
0 0.02890625 0.609375 0.040625 0.0828125
0 0.2921875 0.48046875 0.0265625 0.10703125
0 0.7828125 0.790625 0.09609375 0.14296875
0 0.8859375 0.46015625 0.0328125 0.09140625
0 0.86953125 0.45234375 0.021875 0.08828125
0 0.0828125 0.5484375 0.028125 0.06640625
0 0.45390625 0.5921875 0.03828125 0.09453125
0 0.10625 0.52109375 0.0234375 0.0671875
0 0.40859375 0.51640625 0.02578125 0.05859375
0 0.3828125 0.490625 0.0296875 0.07265625