0 0.5359375 0.79765625 0.0625 0.13359375
0 0.08125 0.55390625 0.04140625 0.10234375
0 0.0484375 0.6125 0.04765625 0.12265625
0 0.759375 0.459375 0.0328125 0.0921875
0 0.87578125 0.46171875 0.034375 0.096875
0 0.45546875 0.43828125 0.02578125 0.0796875
0 0.67265625 0.3453125 0.01875 0.0625
0 0.4015625 0.52109375 0.05078125 0.08671875
0 0.46328125 0.596875 0.04140625 0.11484375
0 0.35625 0.4515625 0.03125 0.06796875
0 0.39375 0.39375 0.03359375 0.06953125
0 0.78203125 0.79375 0.08515625 0.11953125
0 0.10546875 0.52265625 0.025 0.084375
0 0.73359375 0.53515625 0.04296875 0.08671875