0 0.74765625 0.48046875 0.03515625 0.06796875
0 0.82578125 0.478125 0.0328125 0.07890625
0 0.8046875 0.328125 0.01953125 0.05546875
0 0.50546875 0.603125 0.040625 0.0703125
0 0.084375 0.546875 0.02890625 0.059375
0 0.35234375 0.42109375 0.0171875 0.0875
0 0.51796875 0.66640625 0.0671875 0.0859375
0 0.2609375 0.534375 0.03984375 0.1078125
0 0.2140625 0.47578125 0.0359375 0.0671875
0 0.38125 0.36953125 0.01875 0.06953125
0 0.5078125 0.375 0.02109375 0.07265625
0 0.96015625 0.3515625 0.01171875 0.028125
0 0.36015625 0.37109375 0.01640625 0.065625
0 0.5390625 0.59375 0.0296875 0.09453125
0 0.16875 0.425 0.03125 0.06484375
0 0.78359375 0.3109375 0.01171875 0.03671875
0 0.29921875 0.41640625 0.0359375 0.07734375
0 0.259375 0.37265625 0.01953125 0.04765625
0 0.9765625 0.353125 0.0109375 0.0265625
0 0.709375 0.2671875 0.01015625 0.0265625
0 0.41953125 0.95078125 0.09375 0.0953125
0 0.2328125 0.9328125 0.05703125 0.12421875
0 0.2453125 0.371875 0.01640625 0.046875
0 0.76953125 0.278125 0.01484375 0.028125
0 0.7734375 0.31640625 0.01953125 0.05234375
0 0.56171875 0.603125 0.02578125 0.07421875