0 0.25234375 0.48046875 0.03515625 0.06796875
0 0.17421875 0.478125 0.0328125 0.07890625
0 0.1953125 0.328125 0.01953125 0.05546875
0 0.49453125 0.603125 0.040625 0.0703125
0 0.915625 0.546875 0.02890625 0.059375
0 0.64765625 0.42109375 0.0171875 0.0875
0 0.48203125 0.66640625 0.0671875 0.0859375
0 0.7390625 0.534375 0.03984375 0.1078125
0 0.7859375 0.47578125 0.0359375 0.0671875
0 0.61875 0.36953125 0.01875 0.06953125
0 0.4921875 0.375 0.02109375 0.07265625
0 0.03984375 0.3515625 0.01171875 0.028125
0 0.63984375 0.37109375 0.01640625 0.065625
0 0.4609375 0.59375 0.0296875 0.09453125
0 0.83125 0.425 0.03125 0.06484375
0 0.21640625 0.3109375 0.01171875 0.03671875
0 0.70078125 0.41640625 0.0359375 0.07734375
0 0.740625 0.37265625 0.01953125 0.04765625
0 0.0234375 0.353125 0.0109375 0.0265625
0 0.290625 0.2671875 0.01015625 0.0265625
0 0.58046875 0.95078125 0.09375 0.0953125
0 0.7671875 0.9328125 0.05703125 0.12421875
0 0.7546875 0.371875 0.01640625 0.046875
0 0.23046875 0.278125 0.01484375 0.028125
0 0.2265625 0.31640625 0.01953125 0.05234375
0 0.43828125 0.603125 0.02578125 0.07421875