0 0.596875 0.46796875 0.02734375 0.1125
0 0.6328125 0.46875 0.0203125 0.11875
0 0.915625 0.54609375 0.03046875 0.05625
0 0.75390625 0.371875 0.0171875 0.05078125
0 0.4609375 0.58671875 0.03203125 0.09140625
0 0.48984375 0.6109375 0.03359375 0.06171875
0 0.834375 0.428125 0.025 0.0640625
0 0.73984375 0.540625 0.0515625 0.08984375
0 0.565625 0.403125 0.0171875 0.084375
0 0.5296875 0.41171875 0.01796875 0.096875
0 0.4390625 0.6046875 0.021875 0.07109375
0 0.74140625 0.371875 0.0171875 0.05234375
0 0.48984375 0.675 0.06328125 0.10625
0 0.27734375 0.47578125 0.0296875 0.06484375
0 0.17578125 0.475 0.034375 0.07109375
0 0.93125 0.46953125 0.01953125 0.0828125
0 0.3015625 0.53671875 0.02109375 0.07890625