0 0.5734375 0.94765625 0.07265625 0.09375
0 0.753125 0.371875 0.01640625 0.05078125
0 0.003125 0.35 0.00625 0.02109375
0 0.70234375 0.4203125 0.02734375 0.06328125
0 0.590625 0.434375 0.0265625 0.08515625
0 0.753125 0.54140625 0.03515625 0.084375
0 0.7390625 0.37421875 0.01796875 0.046875
0 0.17421875 0.4734375 0.03671875 0.078125
0 0.2953125 0.621875 0.0375 0.1421875
0 0.0234375 0.353125 0.01171875 0.0265625
0 0.03828125 0.35234375 0.0125 0.02265625
0 0.04140625 0.33203125 0.0140625 0.01875
0 0.571875 0.421875 0.01484375 0.08515625
0 0.2015625 0.45703125 0.0296875 0.08671875
0 0.775 0.4453125 0.021875 0.0875
0 0.47578125 0.48359375 0.02734375 0.0984375
0 0.9171875 0.546875 0.0296875 0.05546875
0 0.81328125 0.46484375 0.0296875 0.08359375
0 0.6390625 0.5625 0.02890625 0.128125
0 0.52265625 0.43984375 0.025 0.10234375
0 0.34296875 0.428125 0.0296875 0.0765625