0 0.97734375 0.353125 0.0109375 0.0265625
0 0.16875 0.42578125 0.0296875 0.06328125
0 0.3609375 0.47890625 0.02109375 0.11875
0 0.246875 0.37265625 0.0171875 0.0484375
0 0.959375 0.35078125 0.0109375 0.02578125
0 0.1421875 0.48046875 0.0203125 0.0625
0 0.38515625 0.478125 0.0296875 0.1125
0 0.8265625 0.47578125 0.0359375 0.075
0 0.94296875 0.57734375 0.0328125 0.0765625
0 0.83203125 0.55390625 0.03203125 0.10625
0 0.446875 0.4125 0.021875 0.08828125
0 0.4828125 0.44140625 0.021875 0.084375
0 0.08359375 0.5453125 0.02890625 0.05390625
0 0.25546875 0.55 0.0421875 0.0796875
0 0.43203125 0.42734375 0.0234375 0.0890625
0 0.46875 0.41328125 0.01484375 0.07578125
0 0.29609375 0.41640625 0.03671875 0.07578125
0 0.73203125 0.46953125 0.03515625 0.06875