0 0.58046875 0.92734375 0.08984375 0.115625
0 0.60703125 0.46796875 0.03046875 0.09765625
0 0.64140625 0.475 0.028125 0.1265625
0 0.52578125 0.55546875 0.04375 0.0921875
0 0.52734375 0.46015625 0.02265625 0.06796875
0 0.48125 0.4859375 0.02265625 0.09765625
0 0.4546875 0.46484375 0.028125 0.09921875
0 0.49140625 0.4375 0.02734375 0.084375
0 0.16015625 0.5578125 0.03515625 0.1265625
0 0.05625 0.5765625 0.04140625 0.08984375
0 0.2703125 0.45390625 0.02578125 0.103125
0 0.2859375 0.43828125 0.028125 0.1125