0 0.36666666718749996 0.7481617640625 0.403125 0.7389705875 0.39791666718749996 0.606617646875 0.3645833328125 0.6029411765625 0.36666666718749996 0.7481617640625
0 0.45 0.5919117640625 0.4916666671875 0.5919117640625 0.49375 0.4595588234375 0.453125 0.4577205875 0.45 0.5919117640625
0 0.3552083328125 0.59926470625 0.3875 0.5900735296875 0.3802083328125 0.47426470624999995 0.3489583328125 0.47242647031249996 0.3552083328125 0.59926470625
0 0.3291666671875 0.7224264703125 0.3604166671875 0.705882353125 0.35 0.5845588234375 0.31979166718749996 0.5863970593750001 0.3291666671875 0.7224264703125
0 0.5125 0.5 0.5375 0.5018382359375 0.5385416671875001 0.40625 0.5114583328125 0.40625 0.5125 0.5
0 0.55 0.46507352968750004 0.5833333328125 0.4705882359375 0.5875 0.375 0.565625 0.375 0.55 0.46507352968750004
0 0.9447916671875 0.8235294124999999 0.9770833328125 0.8419117640625 1 0.7022058828125 0.9864583328125001 0.6838235296875 0.9447916671875 0.8235294124999999
0 0.43958333281249995 0.8547794124999999 0.5 0.8511029406249999 0.47083333281249995 0.7389705875 0.4322916671875 0.7389705875 0.43958333281249995 0.8547794124999999
0 0.0895833328125 0.4375 0.0770833328125 0.44117647031249996 0.09375 0.5238970593750001 0.109375 0.5165441171875 0.10729166718750001 0.512867646875 0.0895833328125 0.4375
0 0.20625 0.4080882359375 0.1854166671875 0.4080882359375 0.19375 0.5018382359375 0.215625 0.5018382359375 0.20625 0.4080882359375
0 0.22291666718749997 0.49632352968750004 0.240625 0.4889705875 0.22916666718749998 0.4044117640625 0.2166666671875 0.4044117640625 0.22291666718749997 0.49632352968750004