0 0.44609375 0.596875 0.04453125 0.1375
0 0.35390625 0.48359375 0.03359375 0.09921875
0 0.59921875 0.59296875 0.03828125 0.11953125
0 0.74921875 0.48046875 0.028125 0.0609375
0 0.121875 0.2765625 0.009375 0.0375
0 0.0828125 0.546875 0.03125 0.05625
0 0.88515625 0.31015625 0.01640625 0.0203125
0 0.959375 0.35078125 0.01171875 0.0296875
0 0.82734375 0.478125 0.0328125 0.078125
0 0.246875 0.37265625 0.01875 0.046875
0 0.5140625 0.6734375 0.0625 0.0953125
0 0.1640625 0.43046875 0.021875 0.06875
0 0.50546875 0.60234375 0.03671875 0.06875
0 0.540625 0.59296875 0.034375 0.09296875
0 0.97734375 0.353125 0.0109375 0.02734375
0 0.3234375 0.3296875 0.01328125 0.05546875
0 0.6640625 0.38203125 0.0203125 0.08046875
0 0.29765625 0.41875 0.0375 0.07890625
0 0.2546875 0.35703125 0.01484375 0.02734375
0 0.33828125 0.32890625 0.01328125 0.05