0 0.3984375 0.83359375 0.08671875 0.17109375
0 0.53359375 0.7984375 0.04140625 0.115625
0 0.41015625 0.6453125 0.03984375 0.1546875
0 0.29296875 0.81640625 0.046875 0.103125
0 0.0822916671875 0.49632352968750004 0.059375 0.512867646875 0.0822916671875 0.6139705875 0.1041666671875 0.5974264703125 0.0822916671875 0.49632352968750004
0 0.13125 0.46139705937500003 0.10833333281249999 0.4779411765625 0.1260416671875 0.5643382359375 0.1458333328125 0.549632353125 0.13125 0.46139705937500003
0 0.209375 0.4264705875 0.1927083328125 0.4264705875 0.2010416671875 0.518382353125 0.23333333281250002 0.5091911765625 0.209375 0.4264705875
0 0.1885416671875 0.43014705937500003 0.1677083328125 0.43014705937500003 0.1770833328125 0.52573529375 0.196875 0.50551470625 0.1885416671875 0.43014705937500003
0 0.42395833281249995 0.375 0.4010416671875 0.382352940625 0.409375 0.4779411765625 0.4270833328125 0.47610294062499997 0.42395833281249995 0.375
0 0.778125 0.45 0.01484375 0.09921875
0 0.7984375 0.453125 0.01953125 0.09375