0 0.753125 0.5421875 0.034375 0.084375
0 0.571875 0.94765625 0.07421875 0.0921875
0 0.70234375 0.42109375 0.028125 0.06484375
0 0.1765625 0.4765625 0.04140625 0.07890625
0 0.753125 0.3734375 0.015625 0.04921875
0 0.571875 0.42109375 0.0140625 0.084375
0 0.58984375 0.434375 0.025 0.0828125
0 0.77578125 0.4546875 0.0203125 0.07734375
0 0.46640625 0.62890625 0.03828125 0.1359375
0 0.03828125 0.353125 0.01328125 0.02265625
0 0.9171875 0.54765625 0.0296875 0.05703125
0 0.0234375 0.353125 0.01171875 0.02734375
0 0.33046875 0.4828125 0.0296875 0.10703125
0 0.25546875 0.45859375 0.02421875 0.0984375
0 0.359375 0.5125 0.02734375 0.103125
0 0.6375 0.36640625 0.01796875 0.071875
0 0.73984375 0.37578125 0.01875 0.04765625
0 0.82578125 0.459375 0.021875 0.08984375