0 0.45390625 0.43671875 0.02890625 0.075
0 0.6921875 0.4546875 0.03046875 0.09375
0 0.5375 0.8 0.04140625 0.11015625
0 0.071875 0.6078125 0.03984375 0.1125
0 0.825 0.4546875 0.02265625 0.08671875
0 0.6734375 0.36328125 0.015625 0.071875
0 0.40703125 0.5171875 0.03203125 0.071875
0 0.396875 0.396875 0.0390625 0.06484375
0 0.10703125 0.528125 0.025 0.08828125
0 0.0265625 0.61015625 0.0453125 0.09140625
0 0.8 0.8421875 0.078125 0.11640625
0 0.4484375 0.58828125 0.04921875 0.08984375
0 0.084375 0.54765625 0.03125 0.0734375
0 0.35625 0.45 0.02890625 0.06640625