0 0.1703125 0.428125 0.02890625 0.06640625
0 0.290625 0.41796875 0.03984375 0.07421875
0 0.0828125 0.5484375 0.03125 0.0546875
0 0.24609375 0.371875 0.01640625 0.04765625
0 0.26875 0.5328125 0.04375 0.0828125
0 0.42890625 0.9484375 0.07421875 0.08828125
0 0.97734375 0.35234375 0.01015625 0.028125
0 0.26015625 0.37578125 0.0203125 0.04453125
0 0.67734375 0.56875 0.040625 0.12109375
0 0.8265625 0.47578125 0.0328125 0.07734375
0 0.5734375 0.58515625 0.04453125 0.12890625
0 0.7640625 0.471875 0.0296875 0.0734375
0 0.2109375 0.4796875 0.02890625 0.059375
0 0.86328125 0.5578125 0.03125 0.09765625