0 0.1984375 0.55703125 0.040625 0.1140625
0 0.4921875 0.44296875 0.03046875 0.09921875
0 0.5609375 0.48046875 0.028125 0.1046875
0 0.27890625 0.45625 0.02421875 0.09921875
0 0.634375 0.46953125 0.0203125 0.115625
0 0.83515625 0.42421875 0.025 0.05546875
0 0.753125 0.37265625 0.01640625 0.05234375
0 0.7390625 0.5375 0.05078125 0.08671875
0 0.25703125 0.459375 0.0265625 0.096875
0 0.91640625 0.5453125 0.0296875 0.0546875
0 0.61015625 0.475 0.028125 0.11484375
0 0.70234375 0.41640625 0.03515625 0.07890625
0 0.85859375 0.48359375 0.01953125 0.0703125
0 0.74296875 0.35703125 0.0140625 0.03046875
0 0.58046875 0.940625 0.0734375 0.11484375
0 0.490625 0.6703125 0.0453125 0.10859375
0 0.10546875 0.55 0.02890625 0.08984375
0 0.93515625 0.48984375 0.021875 0.090625
0 0.5046875 0.5625 0.02109375 0.10703125
0 0.48046875 0.56015625 0.03046875 0.12265625