0 0.83359375 0.42421875 0.0265625 0.05390625
0 0.1640625 0.55703125 0.02734375 0.11328125
0 0.61640625 0.478125 0.0296875 0.1171875
0 0.7046875 0.4171875 0.0375 0.07421875
0 0.753125 0.37265625 0.0171875 0.0484375
0 0.171875 0.4765625 0.034375 0.07890625
0 0.05625 0.5796875 0.0328125 0.07578125
0 0.48828125 0.48828125 0.02421875 0.0984375
0 0.53359375 0.4796875 0.02421875 0.115625
0 0.6390625 0.478125 0.02265625 0.11953125
0 0.8578125 0.48203125 0.0203125 0.07109375
0 0.27109375 0.47578125 0.02890625 0.06328125
0 0.4546875 0.44921875 0.021875 0.08359375
0 0.7390625 0.5390625 0.04921875 0.08125