0 0.5625 0.60078125 0.02265625 0.06640625
0 0.69921875 0.52734375 0.02578125 0.0953125
0 0.734375 0.4578125 0.03125 0.10625
0 0.40546875 0.475 0.02578125 0.1125
0 0.36640625 0.4671875 0.025 0.12109375
0 0.16875 0.42734375 0.03046875 0.065625
0 0.2953125 0.41640625 0.03515625 0.07890625
0 0.0828125 0.54765625 0.03046875 0.0578125
0 0.5078125 0.609375 0.0328125 0.05859375
0 0.24609375 0.371875 0.01640625 0.05
0 0.5375 0.59140625 0.03125 0.08984375
0 0.5140625 0.67265625 0.06328125 0.08515625
0 0.78671875 0.4625 0.028125 0.09453125
0 0.2546875 0.5390625 0.03828125 0.0828125
0 0.43359375 0.39921875 0.015625 0.08828125
0 0.03671875 0.52578125 0.0328125 0.1046875
0 0.4453125 0.41015625 0.01875 0.090625
0 0.25859375 0.371875 0.0203125 0.053125