0 0.6354166671875 0.6029411765625 0.6020833328124999 0.606617646875 0.596875 0.7389705875 0.6333333328124999 0.7481617640625 0.6354166671875 0.6029411765625
0 0.546875 0.4577205875 0.50625 0.4595588234375 0.5083333328124999 0.5919117640625 0.55 0.5919117640625 0.546875 0.4577205875
0 0.6510416671875 0.47242647031249996 0.6197916671875 0.47426470624999995 0.6125 0.5900735296875 0.6447916671875 0.59926470625 0.6510416671875 0.47242647031249996
0 0.6802083328124999 0.5863970593750001 0.65 0.5845588234375 0.6395833328125 0.705882353125 0.6708333328125 0.7224264703125 0.6802083328124999 0.5863970593750001
0 0.48854166718750003 0.40625 0.4614583328125 0.40625 0.4625 0.5018382359375 0.4875 0.5 0.48854166718750003 0.40625
0 0.434375 0.375 0.4125 0.375 0.4166666671875 0.4705882359375 0.45 0.46507352968750004 0.434375 0.375
0 0.0135416671875 0.6838235296875 0 0.7022058828125 0.0229166671875 0.8419117640625 0.055208332812500004 0.8235294124999999 0.0135416671875 0.6838235296875
0 0.5677083328125 0.7389705875 0.5291666671875 0.7389705875 0.5 0.8511029406249999 0.5604166671875 0.8547794124999999 0.5677083328125 0.7389705875
0 0.8927083328125001 0.512867646875 0.890625 0.5165441171875 0.90625 0.5238970593750001 0.9229166671875 0.44117647031249996 0.9104166671874999 0.4375 0.8927083328125001 0.512867646875
0 0.784375 0.5018382359375 0.80625 0.5018382359375 0.8145833328125001 0.4080882359375 0.79375 0.4080882359375 0.784375 0.5018382359375
0 0.7833333328125 0.4044117640625 0.7708333328125 0.4044117640625 0.759375 0.4889705875 0.7770833328125 0.49632352968750004 0.7833333328125 0.4044117640625