0 0.528125 0.4625 0.034375 0.10078125
0 0.78671875 0.45546875 0.02421875 0.09921875
0 0.078125 0.6078125 0.03671875 0.10703125
0 0.53828125 0.80078125 0.04375 0.11796875
0 0.65859375 0.38359375 0.0203125 0.075
0 0.4375 0.38671875 0.0234375 0.0859375
0 0.02734375 0.61171875 0.04375 0.09453125
0 0.784375 0.796875 0.0890625 0.1453125
0 0.4078125 0.525 0.03515625 0.084375
0 0.453125 0.5890625 0.04375 0.09375
0 0.1078125 0.51953125 0.0234375 0.075
0 0.084375 0.5515625 0.02890625 0.07421875
0 0.7453125 0.54453125 0.04453125 0.08984375