0 0.61796875 0.50859375 0.0390625 0.12265625
0 0.56640625 0.49453125 0.02421875 0.1265625
0 0.8265625 0.61640625 0.0453125 0.121875
0 0.7734375 0.440625 0.028125 0.06328125
0 0.22421875 0.45234375 0.02109375 0.08125
0 0.2046875 0.8390625 0.09140625 0.1484375
0 0.42265625 0.9359375 0.08046875 0.121875
0 0.3 0.31953125 0.0140625 0.05
0 0.5140625 0.49140625 0.02421875 0.115625
0 0.7703125 0.53046875 0.0390625 0.11328125
0 0.828125 0.4703125 0.03125 0.0640625
0 0.68046875 0.509375 0.03125 0.1046875
0 0.7359375 0.49921875 0.02734375 0.10078125
0 0.50625 0.696875 0.0375 0.15859375
0 0.26640625 0.321875 0.009375 0.04765625
0 0.54609375 0.71875 0.05625 0.178125
0 0.3890625 0.4296875 0.02109375 0.1046875
0 0.43671875 0.41328125 0.02265625 0.103125