0 0.753125 0.3734375 0.01640625 0.04921875
0 0.03828125 0.3515625 0.01171875 0.025
0 0.7 0.41796875 0.040625 0.071875
0 0.02421875 0.353125 0.009375 0.02578125
0 0.75 0.54453125 0.0375 0.0828125
0 0.375 0.68515625 0.0484375 0.159375
0 0.4640625 0.4640625 0.02734375 0.10625
0 0.7421875 0.37109375 0.01640625 0.0453125
0 0.92265625 0.54375 0.03125 0.06015625
0 0.4421875 0.65234375 0.0453125 0.1421875
0 0.19609375 0.4609375 0.0234375 0.09375
0 0.17890625 0.59140625 0.040625 0.1140625
0 0.13828125 0.52265625 0.03515625 0.09375
0 0.56953125 0.94765625 0.0765625 0.09609375
0 0.228125 0.54453125 0.03984375 0.12421875
0 0.36796875 0.4953125 0.0265625 0.11640625
0 0.1734375 0.47109375 0.03359375 0.065625
0 0.29921875 0.50546875 0.021875 0.11015625
0 0.77578125 0.4578125 0.02265625 0.078125