0 0.4265625 0.94765625 0.07265625 0.09375
0 0.246875 0.371875 0.01640625 0.05078125
0 0.996875 0.35 0.00625 0.02109375
0 0.29765625 0.4203125 0.02734375 0.06328125
0 0.409375 0.434375 0.0265625 0.08515625
0 0.246875 0.54140625 0.03515625 0.084375
0 0.2609375 0.37421875 0.01796875 0.046875
0 0.82578125 0.4734375 0.03671875 0.078125
0 0.7046875 0.621875 0.0375 0.1421875
0 0.9765625 0.353125 0.01171875 0.0265625
0 0.96171875 0.35234375 0.0125 0.02265625
0 0.95859375 0.33203125 0.0140625 0.01875
0 0.428125 0.421875 0.01484375 0.08515625
0 0.7984375 0.45703125 0.0296875 0.08671875
0 0.225 0.4453125 0.021875 0.0875
0 0.52421875 0.48359375 0.02734375 0.0984375
0 0.0828125 0.546875 0.0296875 0.05546875
0 0.18671875 0.46484375 0.0296875 0.08359375
0 0.3609375 0.5625 0.02890625 0.128125
0 0.47734375 0.43984375 0.025 0.10234375
0 0.65703125 0.428125 0.0296875 0.0765625