0 0.46328125 0.62421875 0.03671875 0.134375
0 0.75234375 0.3734375 0.01796875 0.046875
0 0.28046875 0.55390625 0.04921875 0.096875
0 0.753125 0.54375 0.03359375 0.08203125
0 0.77734375 0.4578125 0.0234375 0.0828125
0 0.571875 0.95234375 0.07421875 0.0875
0 0.80078125 0.8546875 0.07578125 0.14140625
0 0.565625 0.41015625 0.02421875 0.109375
0 0.5375 0.38359375 0.01640625 0.06796875
0 0.1734375 0.46953125 0.0328125 0.06640625
0 0.70234375 0.42265625 0.025 0.059375
0 0.25625 0.4625 0.02421875 0.07890625
0 0.73515625 0.5328125 0.0375 0.07890625