0 0.45 0.80859375 0.06875 0.18359375
0 0.54609375 0.71953125 0.04765625 0.14921875
0 0.56875 0.940625 0.08125 0.11875
0 0.17578125 0.59375 0.04765625 0.1359375
0 0.2296875 0.53828125 0.040625 0.1359375
0 0.1734375 0.465625 0.03203125 0.075
0 0.24609375 0.446875 0.03203125 0.103125
0 0.3703125 0.49375 0.03046875 0.1234375
0 0.3953125 0.51953125 0.021875 0.1046875
0 0.41171875 0.46875 0.02265625 0.103125
0 0.434375 0.5140625 0.02890625 0.11953125
0 0.50859375 0.48046875 0.03203125 0.13046875
0 0.53359375 0.45390625 0.02421875 0.103125
0 0.56328125 0.42578125 0.01796875 0.09765625
0 0.57890625 0.46015625 0.02421875 0.09375
0 0.77578125 0.45625 0.02109375 0.084375
0 0.65625 0.378125 0.025 0.09375