0 0.41953125 0.92734375 0.08984375 0.115625
0 0.39296875 0.46796875 0.03046875 0.09765625
0 0.35859375 0.475 0.028125 0.1265625
0 0.47421875 0.55546875 0.04375 0.0921875
0 0.47265625 0.46015625 0.02265625 0.06796875
0 0.51875 0.4859375 0.02265625 0.09765625
0 0.5453125 0.46484375 0.028125 0.09921875
0 0.50859375 0.4375 0.02734375 0.084375
0 0.83984375 0.5578125 0.03515625 0.1265625
0 0.94375 0.5765625 0.04140625 0.08984375
0 0.7296875 0.45390625 0.02578125 0.103125
0 0.7140625 0.43828125 0.028125 0.1125