0 0.8015625 0.55703125 0.040625 0.1140625
0 0.5078125 0.44296875 0.03046875 0.09921875
0 0.4390625 0.48046875 0.028125 0.1046875
0 0.72109375 0.45625 0.02421875 0.09921875
0 0.365625 0.46953125 0.0203125 0.115625
0 0.16484375 0.42421875 0.025 0.05546875
0 0.246875 0.37265625 0.01640625 0.05234375
0 0.2609375 0.5375 0.05078125 0.08671875
0 0.74296875 0.459375 0.0265625 0.096875
0 0.08359375 0.5453125 0.0296875 0.0546875
0 0.38984375 0.475 0.028125 0.11484375
0 0.29765625 0.41640625 0.03515625 0.07890625
0 0.14140625 0.48359375 0.01953125 0.0703125
0 0.25703125 0.35703125 0.0140625 0.03046875
0 0.41953125 0.940625 0.0734375 0.11484375
0 0.509375 0.6703125 0.0453125 0.10859375
0 0.89453125 0.55 0.02890625 0.08984375
0 0.06484375 0.48984375 0.021875 0.090625
0 0.4953125 0.5625 0.02109375 0.10703125
0 0.51953125 0.56015625 0.03046875 0.12265625