0 0.44296875 0.79375 0.02109375 0.103125
0 0.38359375 0.7875 0.0625 0.1671875
0 0.35234375 0.65703125 0.034375 0.10078125
0 0.2453125 0.46875 0.028125 0.05859375
0 0.17109375 0.4671875 0.02421875 0.0734375
0 0.38125 0.4828125 0.025 0.0609375
0 0.41171875 0.5109375 0.01875 0.05859375
0 0.45859375 0.58125 0.028125 0.08828125
0 0.496875 0.64921875 0.02890625 0.0734375
0 0.54296875 0.78046875 0.028125 0.08984375
0 0.56484375 0.9421875 0.04765625 0.09375
0 0.7265625 0.51171875 0.01953125 0.05703125
0 0.7984375 0.42734375 0.021875 0.05