0 0.4375 0.60078125 0.02265625 0.06640625
0 0.30078125 0.52734375 0.02578125 0.0953125
0 0.265625 0.4578125 0.03125 0.10625
0 0.59453125 0.475 0.02578125 0.1125
0 0.63359375 0.4671875 0.025 0.12109375
0 0.83125 0.42734375 0.03046875 0.065625
0 0.7046875 0.41640625 0.03515625 0.07890625
0 0.9171875 0.54765625 0.03046875 0.0578125
0 0.4921875 0.609375 0.0328125 0.05859375
0 0.75390625 0.371875 0.01640625 0.05
0 0.4625 0.59140625 0.03125 0.08984375
0 0.4859375 0.67265625 0.06328125 0.08515625
0 0.21328125 0.4625 0.028125 0.09453125
0 0.7453125 0.5390625 0.03828125 0.0828125
0 0.56640625 0.39921875 0.015625 0.08828125
0 0.96328125 0.52578125 0.0328125 0.1046875
0 0.5546875 0.41015625 0.01875 0.090625
0 0.74140625 0.371875 0.0203125 0.053125