0 0.6015625 0.83359375 0.08671875 0.17109375
0 0.46640625 0.7984375 0.04140625 0.115625
0 0.58984375 0.6453125 0.03984375 0.1546875
0 0.70703125 0.81640625 0.046875 0.103125
0 0.8958333328125001 0.5974264703125 0.9177083328125001 0.6139705875 0.940625 0.512867646875 0.9177083328125001 0.49632352968750004 0.8958333328125001 0.5974264703125
0 0.8541666671874999 0.549632353125 0.8739583328125 0.5643382359375 0.8916666671875 0.4779411765625 0.86875 0.46139705937500003 0.8541666671874999 0.549632353125
0 0.7666666671875 0.5091911765625 0.7989583328125 0.518382353125 0.8072916671874999 0.4264705875 0.790625 0.4264705875 0.7666666671875 0.5091911765625
0 0.803125 0.50551470625 0.8229166671874999 0.52573529375 0.8322916671874999 0.43014705937500003 0.8114583328125 0.43014705937500003 0.803125 0.50551470625
0 0.5729166671875 0.47610294062499997 0.590625 0.4779411765625 0.5989583328125 0.382352940625 0.5760416671875 0.375 0.5729166671875 0.47610294062499997
0 0.221875 0.45 0.01484375 0.09921875
0 0.2015625 0.453125 0.01953125 0.09375