0 0.61640625 0.62421875 0.03984375 0.14140625
0 0.42890625 0.9484375 0.07578125 0.08984375
0 0.82265625 0.47578125 0.04296875 0.078125
0 0.52578125 0.49296875 0.0375 0.10546875
0 0.22265625 0.45390625 0.0203125 0.084375
0 0.246875 0.5421875 0.034375 0.0828125
0 0.35625 0.46171875 0.0265625 0.09765625
0 0.76328125 0.4578125 0.02265625 0.09375
0 0.4890625 0.44609375 0.02578125 0.1015625
0 0.41015625 0.43515625 0.02578125 0.0828125
0 0.428125 0.4234375 0.01640625 0.0859375
0 0.59453125 0.3921875 0.01640625 0.0703125