0 0.571875 0.94921875 0.07265625 0.09296875
0 0.753125 0.3734375 0.0171875 0.04765625
0 0.03984375 0.35078125 0.01171875 0.0265625
0 0.0234375 0.353125 0.0109375 0.0265625
0 0.75078125 0.54375 0.03828125 0.0796875
0 0.9171875 0.546875 0.028125 0.05703125
0 0.74140625 0.3671875 0.0171875 0.04453125
0 0.5109375 0.47265625 0.025 0.1046875
0 0.20546875 0.5734375 0.03671875 0.11484375
0 0.17265625 0.46796875 0.03203125 0.0640625
0 0.77578125 0.4578125 0.0203125 0.08984375
0 0.5671875 0.453125 0.0265625 0.10078125
0 0.22578125 0.534375 0.03046875 0.11640625
0 0.540625 0.3859375 0.01640625 0.0625
0 0.64765625 0.38828125 0.01953125 0.08359375