0 0.5989583328125 0.6985294125 0.59375 0.5661764703125 0.59375 0.5588235296875 0.5739583328125 0.5643382359375 0.571875 0.7077205875 0.5989583328125 0.6985294125
0 0.5260416671875 0.5404411765625 0.5208333328125 0.643382353125 0.5604166671875 0.6470588234375 0.559375 0.549632353125 0.5260416671875 0.5404411765625
0 0.484375 0.7169117640625 0.5291666671875 0.71323529375 0.5125 0.6084558828125 0.478125 0.625 0.484375 0.7169117640625
0 0.60625 0.44485294062499997 0.6010416671875001 0.5275735296875 0.625 0.5422794125 0.634375 0.46139705937500003 0.60625 0.44485294062499997
0 0.45859375 0.8078125 0.046875 0.16328125
0 0.41640625 0.9421875 0.08828125 0.075
0 0.49765625 0.7984375 0.025 0.10859375
0 0.22578125 0.453125 0.01875 0.08671875
0 0.2015625 0.45625 0.015625 0.08828125
0 0.70546875 0.471875 0.028125 0.09765625
0 0.66640625 0.45703125 0.03125 0.09765625