0 0.040625 0.334375 0.0140625 0.02109375
0 0.75390625 0.37265625 0.01796875 0.04921875
0 0.23125 0.278125 0.0140625 0.0265625
0 0.9171875 0.546875 0.03046875 0.0578125
0 0.8328125 0.42890625 0.028125 0.065625
0 0.03984375 0.35078125 0.01171875 0.02578125
0 0.02265625 0.35234375 0.0109375 0.028125
0 0.48671875 0.61015625 0.04375 0.06015625
0 0.4609375 0.59140625 0.0296875 0.09140625
0 0.70234375 0.41484375 0.034375 0.07265625
0 0.1953125 0.46328125 0.03125 0.090625
0 0.45390625 0.4734375 0.02734375 0.0921875
0 0.584375 0.40546875 0.0203125 0.09140625
0 0.653125 0.38671875 0.02109375 0.08203125
0 0.23359375 0.45234375 0.02109375 0.0875
0 0.4765625 0.40859375 0.0171875 0.07578125
0 0.48671875 0.47109375 0.02421875 0.0953125